000000000000000000000000000000000000000000000000000000
000000000000000000000000000000000000000000000000000000
000000000000000066666600006660666066606000006066606006
000000000000000666666660006060606060006600066060606606
000000000000006666600666006660666060006060606066606066
000000000000066666600666606000606060006006006060606006
000000000000066666666666006000606060006000006060606006
000000000000666666666660006000606066606000006060606006
000000000006666666666600000000000000000000000000000000
00000000000666666666600000FFFFFFFFFFFFFFFFFFFFFFFFFFFF
000000000006666666660000000000000000000000000000000000
000000000006666666666000001110100011101110111011101010
000000000006666666666600001010100001000010101010101010
000000000000666666666660001110100001001110101010101110
000000000000066666666666001010100001001000101010100010
000000000000066666666666601010111011101110111011100010
000000000000006666666666000000000000000000000000000000
00000000000000066666666000FFFFFFFFFFFFFFFFFFFFFFFFFFFF
00000000000000006666660000FFFFFFFFFFFFFFFFFFFFFFFFFFFF
